//1st line is no of elements and next line onwards are the elements itself.
11238
18489
25306
4975
881
20641
4571
21151
304
24476
17083
25233
16184
7103
8134
11425
4368
12861
18834
19015
206
2855
22897
30851
7432
19001
17348
25223
26326
30861
28567
28480
18436
15029
4777
31555
18124
11059
1542
15751
23634
24574
15940
6206
19900
26373
1558
17302
30470
16325
21911
20507
26234
23539
8319
8168
20694
5594
8900
30587
5534
23876
3258
5644
3820
1314
3997
21401
25467
25147
4634
14490
17538
18430
24681
25532
4424
13553
32090
7959
16090
15411
15546
21872
2791
15161
11864
15275
17940
2512
11865
17562
21480
27227
19761
12891
16865
9521
14896
10679
32595
2744
31290
12076
28259
2117
19679
1
1
1
1
1
1
1
1
1
1
1
1
1
1
1
1
369
24014
14417
14324
7799
6745
19132
14947
3946
21150
12212
1253
28202
17086
11236
109
25167
1097
23031
8877
4948
8235
32731
12793
29715
20144
7389
10520
13386
26955
24070
2262
18866
12808
31693
12176
23397
2258
28117
26168
17957
31991
32312
30168
24805
1452
1
1
1
1
1
1
1
11205
30612
24094
25350
3201
3329
19660
26391
28178
7813
14474
10363
21887
12127
10556
22646
24759
25360
10736
32747
24517
8889
1286
1
1
1
1
24076
3964
17378
968
16967
21413
18899
24233
27098
8785
31705
24293
31733
28796
8846
15082
4579
24421
24713
24656
18606
2811
27294
11433
3825
31804
6078
16893
6386
1143
31616
4499
4110
30297
13257
19637
12524
19029
4766
7018
8602
7380
29962
30335
9474
16616
9750
21062
18542
20954
8163
32743
31379
10957
32504
31031
10518
20721
751
8219
13980
4811
27359
32081
5172
15110
18305
187
19601
26833
13975
19809
18292
20362
18155
12448
16050
29394
4798
21193
31349
10107
23063
1299
12207
25120
21615
17211
27039
25354
30654
22700
17512
22767
24928
144
19172
23701
8259
13026
30605
7359
27480
25657
17056
10172
8258
22072
11635
11062
13125
7096
244
31079
9174
9626
24620
28620
26538
32713
17408
10339
1810
8427
30864
28565
1740
4552
22971
25384
22866
30036
14690
21830
21140
28232
8523
9600
21365
32193
30904
20851
20468
2289
13797
16237
3393
23271
25852
22115
16770
10224
14392
7154
3308
7665
30636
5610
25685
2694
11857
25323
17516
6611
29624
31684
26851
27897
455
6545
10200
31631
31478
27519
544
28437
3320
28873
5332
21300
9725
823
2953
1561
24711
24815
1
23070
8136
9431
9577
27499
1601
29601
521
4250
9302
13982
30572
19700
23897
29931
24761
4689
20171
32648
15807
25122
7139
22203
13992
23464
17896
10176
20169
3345
32075
3259
25111
18534
12681
25815
20988
19184
24651
345
945
3136
29297
4418
4199
13079
9840
20412
4279
7824
29820
23992
9930
9685
18643
32720
26095
29046
13557
11612
32071
12824
19085
4297
26519
28140
19657
26302
31013
9483
30234
9172
4708
3304
23076
28330
32373
21291
11583
24373
20267
6435
11894
1260
12509
22336
7599
8234
5088
1931
21006
17846
13657
7439
14275
24090
25164
17104
16628
22164
27536
29483
7662
12603
31021
25605
5884
29715
18040
2888
25323
10297
4626
8969
14989
8542
18764
31818
17547
21463
8230
10543
5214
22690
31170
13597
19542
13767
17439
18405
20002
6872
673
26281
11456
22362
18242
12446
8952
28630
24738
27036
14053
12517
2716
11940
25090
15891
4546
6169
5960
10261
21416
1720
28096
24316
32186
23949
22838
9083
14173
27919
14772
7029
23311
4199
26722
20976
5340
26553
31277
3393
28389
27716
19873
3131
1394
30284
21928
1935
12988
4979
24686
2442
28181
15835
29679
25197
26431
1901
22612
11448
30116
30476
19115
4235
31373
16215
701
24415
28742
31555
29829
23739
2411
24495
8608
14261
22648
2217
13028
3930
8968
30294
21300
18904
16819
13187
14045
30272
31991
7629
30602
19491
19744
16813
10369
9299
10473
11052
24150
10378
18321
11345
24171
672
25638
30626
28849
2383
10195
19723
15233
15290
21861
23109
31138
24752
30730
32747
20392
31699
14233
5460
5563
23812
13914
3882
11721
10007
16996
191
29568
16322
20927
31650
2501
9150
11144
21116
13142
12467
20213
26545
826
14002
22808
12815
21225
13157
4457
1669
30572
30959
8628
18985
18776
1107
5327
15506
3348
9822
16834
350
24661
28633
12050
10807
11987
10242
4079
32422
14360
6966
1216
12410
6569
15605
30210
4231
24922
11920
1964
18723
20487
11520
5142
24772
26464
32422
7393
25512
30756
16886
24577
2672
15250
14316
26385
15200
27953
15496
767
19259
5643
30678
20559
22514
24951
24704
17777
876
5799
4338
27023
6888
23794
18346
26016
20171
15952
3158
10956
22213
20809
3590
18147
15741
21828
21754
11599
2433
26083
31285
21947
25949
585
4628
17033
20132
22878
30277
32535
20323
32396
19791
14637
27208
19075
20615
18436
21412
6784
15962
22643
11013
28560
9111
13521
21512
18366
4675
1890
23864
23256
6073
28843
12155
29498
28056
18976
3320
4806
13372
24340
12871
1017
31434
12994
17204
1808
18546
26544
10872
5285
17487
2394
14632
22528
29407
6503
29947
30840
27903
7583
6375
18204
18446
25030
4544
12197
11541
22129
15078
29169
9600
23053
3700
15484
206
29294
13197
23216
16943
26348
12645
25596
1056
20930
24470
5038
839
25802
15167
19479
23003
23115
7100
15323
21921
10176
13606
12885
12513
19773
30990
5360
15460
31389
11459
13247
13958
27178
2896
598
17407
1777
15140
16825
23737
11607
9510
9189
1631
16222
22079
1536
23950
7196
19471
14294
9814
1267
6366
4268
22762
25768
26109
724
17744
12951
22891
22943
18271
11356
16093
7211
28606
14511
28084
6742
6451
15403
966
10927
20924
18519
2070
29612
2025
1488
10130
26640
13907
19598
15063
18409
27749
5919
25632
18922
4101
29774
30538
2062
30904
2484
10830
13767
7770
11393
21699
8892
23224
4749
27586
32488
10338
20196
1555
26994
14314
23162
31863
8222
20871
24236
18841
396
30787
13788
1826
6231
21491
1767
29957
2864
16530
12267
2607
26463
29078
9365
2216
29793
22604
19186
24706
4542
7806
17061
24071
15841
13876
22482
16213
17535
31659
27106
1795
6803
25362
25736
18475
13158
10146
8491
8792
367
23978
3875
92
18452
26835
26525
24364
23455
9667
2517
29509
25106
28486
21331
14908
8606
32250
28595
6781
3534
12511
22972
29349
10161
19795
27177
21808
14417
27120
17769
6876
26770
524
21964
25159
23259
9802
29824
24888
10766
7176
18553
12311
12800
31852
566
17709
21108
16341
6820
27407
877
15322
23278
29727
14583
12619
15843
27871
5345
5029
19352
21245
13949
14982
20531
1415
16527
23725
12324
29461
11211
16489
12036
23621
29563
9448
19555
24115
1876
22337
23558
13551
23372
24047
15301
18574
6218
18202
9207
11718
24964
11465
2583
31361
3263
30069
15300
29967
25473
15294
22707
16247
6615
22739
10096
7486
25630
23211
16351
25439
24652
18617
5710
19830
20266
3947
22954
14858
16274
21593
17756
17106
23726
22551
25232
29358
26957
15132
15668
31175
1438
16930
8157
4896
23458
729
32670
8488
19387
6607
12677
6052
19814
856
29061
12106
31505
6369
10766
15034
6109
14592
7400
20472
1978
17401
21757
8448
22528
4150
13024
18839
5299
1041
29645
14951
19004
2449
28365
15673
10036
12215
323
26811
14976
30824
24794
21920
31614
29042
8473
12886
8095
30063
5149
20724
4235
3689
25907
28825
23544
302
22986
9183
13100
30860
23516
6275
15724
9330
18976
9654
27901
3313
27643
20390
12717
15595
1195
15025
8931
24055
12595
32614
24219
15265
28751
20014
23290
17442
22990
4327
26
5185
7013
3143
7921
18393
32050
5910
14877
4270
8159
11213
1635
25699
26829
8798
5640
18650
22429
2641
23439
9249
1523
23477
31580
1083
16901
29899
24182
20186
1316
31080
24630
29033
25009
15691
10828
20578
26819
14148
13070
5696
18276
23269
6611
1644
25858
32477
29939
13790
7329
30376
11692
11838
29251
16222
10750
20874
14697
14045
23733
4816
13234
28251
9026
23602
14029
25249
26179
22349
31222
14225
30367
9762
7845
31746
13710
25377
28456
14050
13672
18130
22727
2280
850
1017
19789
9704
31558
25007
25303
21862
22590
18065
22593
5092
25509
28808
13195
6218
21025
10098
8573
25135
25699
30673
11389
11216
4811
17701
26694
28532
3039
13895
16879
14441
18505
22172
10590
17143
2028
7428
968
20092
8010
29954
5557
10532
24374
20421
3084
18622
6158
21519
10062
1396
3542
16407
26995
24912
19028
27760
9423
32514
22828
7762
6602
8667
18600
2116
11976
10335
32678
7500
12743
26975
28114
13513
4958
26141
14454
15526
23292
5562
10948
6641
16543
15628
32709
16131
28235
9100
14020
13885
21981
12884
17339
26068
19301
25170
8849
7640
31729
25946
10108
14103
24577
19010
20335
26975
15971
17856
20902
10349
32364
2035
9891
13512
9252
15629
24166
3202
2636
5300
12935
11576
6263
23507
7521
16847
14078
22552
26661
32219
21479
24842
25643
32509
5286
5894
10603
29629
12530
22816
19278
4396
8411
15101
15082
30664
22776
29565
19096
12469
15826
31152
19650
6328
2437
28508
16461
29726
31273
5396
6909
16457
7990
18008
28022
31276
24401
12581
27202
26983
7606
3073
28581
17451
8095
5953
5297
15244
4516
5501
19717
28453
4458
11342
12951
26521
2110
5929
1262
27845
22572
22621
5618
4675
20415
21443
27028
10584
19210
10098
32699
31918
18902
20211
29143
23792
10697
28611
14809
26488
8630
27097
19568
21665
25069
18637
4162
17914
20228
23006
31256
13231
5928
3193
27018
32481
3270
21077
17839
8632
448
13150
7336
11717
18168
9747
13402
16984
14290
6573
30877
11470
846
12134
17479
25205
14126
28305
24053
30298
3660
18043
8645
22744
12978
24674
8212
9354
23663
25852
28774
933
28116
9157
6112
16399
7085
21202
18191
30449
31241
20123
5860
17454
1668
25802
16014
1247
1167
16148
624
19854
8593
6329
4585
24283
26984
1780
20477
25196
21096
10479
4921
8895
29838
8901
5893
23641
605
6212
26488
16880
23166
25414
23249
7513
22295
11146
31568
891
16312
843
14543
24693
13177
24392
27615
26185
3908
18326
16036
13815
22821
20308
918
26067
13070
639
4824
964
18446
30605
31545
5385
624
2402
8825
18488
31278
28788
14091
2605
31548
24916
3543
6901
11620
2210
28425
29012
2680
31478
26709
26886
26377
13459
10862
6778
17624
18466
15377
13109
7961
9039
14631
7786
13535
25408
23199
22203
25886
7307
17863
5223
17367
18729
19709
12711
23551
29122
20731
1857
12367
11615
9186
30506
8988
10725
23768
12073
19312
16076
13585
10888
500
4471
9173
15961
23252
30414
9267
19192
23732
15284
29940
927
14802
2015
455
5033
11984
2720
23840
11549
15375
22294
31987
19439
7629
20060
30738
17816
19510
3640
31729
17143
3989
9041
17148
28706
27626
28391
13152
9720
19089
8501
10471
4245
21565
15923
15808
9799
18934
8652
21259
10251
30000
1122
20934
7227
17318
16614
17022
8978
18287
6485
1838
21050
926
18388
28280
16005
17058
346
7988
11141
22303
11464
10542
28420
11833
20241
12635
25375
14886
32185
17802
22352
9707
17543
4902
654
12452
32429
22897
25494
2012
30227
10704
20520
6423
934
8147
13713
31226
22688
3515
19476
19203
17113
32264
20544
19973
3745
18376
2363
16750
20086
29544
7402
28485
11352
3810
12732
3379
16523
5693
25046
26822
2129
27427
13457
12754
2975
6325
4405
1037
5236
7221
19014
32084
2898
13142
26682
11142
1687
27886
24951
3307
2327
2541
22582
4702
15983
19877
30649
11224
341
7950
20198
9209
27455
4900
3297
25623
13752
22952
1427
18597
8451
26715
31871
19296
20215
18383
5266
7907
7591
27919
31053
20734
14301
4858
19918
31172
13443
16709
6069
13282
11013
27270
9054
27427
23962
31595
7717
22508
27055
24028
4355
10230
13444
15284
12531
7622
1543
17537
20115
20154
5530
735
7200
2060
18384
21358
11415
28726
13520
8335
6984
17836
17742
15782
9391
30875
28541
19126
24810
8971
6206
13597
26717
25250
8219
2730
28564
32485
27492
16224
13719
16696
15354
21663
17915
12312
10088
26469
13985
27639
9379
32236
8409
26547
7705
29846
26773
18196
29633
28273
29226
31054
12012
21326
8875
30038
17361
24498
28443
21587
8344
1589
32127
25975
14853
1680
30612
22095
25138
22246
27300
16383
16991
18764
3808
10924
16632
4284
20144
28782
3596
19248
28921
11906
16319
29700
4932
24896
23714
29423
20401
29571
14819
29401
32229
24457
4880
32550
12246
3835
6582
13293
3086
3711
23551
32625
13475
30162
10174
28666
5338
24414
8260
30345
26948
2965
31799
27353
14635
9772
20403
9325
26140
25224
8294
17050
21773
15223
28744
25354
974
3346
21212
6123
13382
28867
19231
31348
23462
9561
32738
8992
25306
216
20868
18962
17423
32001
984
29785
29543
17227
25789
31194
11442
13914
23638
32684
31065
9144
30316
15138
3572
23728
1311
15780
3035
10941
31943
21947
23380
32688
14191
25427
21097
8928
29186
15784
3511
19099
15463
1040
17438
14739
21500
3169
8889
5652
4661
14770
20310
18986
2726
15098
20462
3518
32145
30021
22453
10767
9558
15879
4480
964
11938
10744
31025
7984
6747
4709
1706
3855
8752
7897
11867
31873
1329
32730
29709
13143
19026
26896
21278
26357
25049
10287
16954
16836
844
17397
17241
8135
14818
25000
19420
20802
4477
26109
11511
11748
1037
6748
7739
28574
7685
21065
10714
7235
30873
30481
21518
10003
28531
24279
14030
2094
9280
23523
1414
18988
7153
9992
29271
25131
24394
20665
24391
12032
5305
29795
29650
5900
12971
8593
17752
31721
19494
21711
20322
11172
19053
12217
10485
2295
31293
30270
32723
20583
21225
22276
4882
21689
18468
3172
21160
4851
27383
26383
24961
32137
1233
29304
26678
26829
16892
12816
5136
8961
21330
5667
3973
29523
6635
21095
26491
26610
30657
17061
2745
16439
5217
10773
22357
10965
5872
25714
21549
11446
27023
4857
18524
13827
22931
16833
9814
8559
32588
17029
28620
19691
10069
25973
15781
21961
21900
17668
30545
15431
6501
16153
11765
28793
2590
13004
12276
8975
28899
21953
26489
14875
15007
2203
29164
14175
24462
3280
1027
29346
20425
19947
28273
15355
3529
23589
14072
457
13148
4007
3112
22550
533
3310
30759
22880
31104
12553
15736
14440
23533
25520
20282
14820
29725
9095
31398
18104
31212
11157
4678
16292
9045
15434
349
6624
18464
29459
1751
8151
7046
19377
3149
4296
7475
26520
5249
14415
8201
3211
16751
13423
29157
16678
24229
241
12689
14647
7015
3350
16767
17901
19080
11100
15141
28153
14292
8779
24157
12184
7289
7489
12096
350
14935
13220
20278
3477
14957
17916
22560
28642
2044
19594
8118
27472
29359
28812
22979
16164
13344
7584
18277
21629
21009
18845
9941
5465
4383
17639
8362
5830
19312
746
30881
20163
13526
8729
22389
29593
19988
5606
19331
11041
23381
5964
24581
20900
13047
15159
2836
7945
5293
9483
439
18504
27457
6354
29131
3930
3602
12886
3821
1067
19411
25930
30440
19364
8315
15632
576
16181
17992
30096
23530
21287
29054
5945
25958
18708
4782
26762
24003
32421
8356
20426
28788
25201
23011
3723
30741
11258
11882
9440
5240
16164
15326
10528
29574
10733
3826
32488
58
16904
3634
27447
2748
6418
4414
20111
30006
23883
14424
32686
31463
14625
2987
5295
3889
27762
9260
14751
15020
3241
27460
5122
24590
22044
21706
26825
7950
18921
10176
30351
23078
2003
24756
15974
32022
6235
4743
6835
29275
21918
25593
22589
20854
30518
28940
32517
3225
9226
1281
18316
3328
2583
5466
8037
20375
24938
4831
32216
8633
29829
24205
7754
21259
25526
16086
22217
17043
14371
28155
3658
8841
8331
14449
19686
29006
23411
20044
11378
32571
9413
11450
2348
17567
18274
4081
7266
1374
21592
32570
3560
25454
28428
29432
4679
5657
6071
18741
4985
27840
1144
17334
6294
9364
2935
10597
23746
29637
16875
9532
12080
20901
27234
5688
12412
12523
14362
18786
16974
6358
25195
26433
16915
23425
22387
955
25059
18605
19834
1933
13896
3754
19193
17747
5473
29126
17619
16341
27963
28150
18577
19610
16989
5959
15677
8650
16969
29094
3584
9952
31131
2067
14727
5339
24840
22018
27483
24669
19112
14747
24290
9181
30623
6467
3801
20858
2594
13925
26588
14983
11521
2363
10475
857
4131
4841
15740
30461
32210
24482
14852
1788
31763
28487
3599
25667
676
32319
7065
4797
30690
11291
17488
30795
24071
30615
29904
15881
24856
32022
3689
24452
18575
1663
32529
24297
6131
1543
9738
9604
30803
12972
2841
22094
11421
24308
19820
5503
4261
26430
15131
29357
16138
23413
3061
2133
8808
25491
9010
32402
19875
11697
7479
19362
29531
22593
17107
10423
13401
26069
9158
9394
15459
72
5917
5948
23632
3236
14883
14948
17141
26994
13441
22328
30586
26538
30020
21188
16534
10159
12252
8320
3710
28199
4688
2390
16135
20090
20969
10883
28292
6307
10239
161
14944
2141
3201
19292
12263
3269
22321
11566
24057
28729
3055
25386
14038
16881
22828
15987
17029
12789
32204
5308
15336
4361
20190
2737
27686
4178
26222
13113
32754
17561
29433
25148
30542
14463
11208
23568
32390
11968
23325
29518
6881
12848
14015
29758
21532
3247
14968
26380
11084
20027
164
26928
26853
30736
13822
15228
4985
803
9784
10911
25435
6457
31807
4280
20269
14789
10290
30415
4486
7696
9355
11017
24752
19270
22723
3472
12560
1808
21580
9441
29397
3350
3468
20888
32450
6973
10652
20513
19604
16951
3207
23243
12376
12158
15100
30863
23097
23386
26221
352
1425
24889
28582
2820
21234
29795
5967
15881
23459
11983
14576
32033
17522
15823
18962
19840
9520
14209
986
30452
24281
32420
32690
12374
1768
6646
18303
4411
9865
27814
2435
2543
16630
5672
30894
9143
19121
11848
8525
15883
29579
5899
5722
15778
30096
18500
16994
25870
28566
23171
18473
5996
24217
6734
1717
8392
12951
23727
29249
15186
15006
21877
141
29194
19243
19207
4435
7611
14380
4827
28599
20480
21486
6093
28030
12604
13220
28981
21845
16601
14405
23971
32591
11360
5667
14506
29475
29952
21760
15343
7885
19574
16488
11626
12330
1122
16693
24742
3008
7560
17949
10047
23018
28850
5488
28705
26528
24605
15404
2338
25924
5810
11492
23819
6152
23810
9388
20993
12399
9257
3485
24600
30912
8921
17689
28404
2863
9479
26624
30633
31688
12882
7347
12882
30331
8031
22199
693
10356
5183
2153
6720
24454
4943
15784
21354
9588
18704
22326
15502
23987
6163
19665
487
31744
30588
20952
30845
18935
19096
28173
17458
11995
8519
12590
16997
12935
18136
14790
17938
9228
31199
23099
6793
3447
12241
2618
15812
16793
28568
20329
25790
32653
2952
19864
7571
24949
15338
23990
2755
15702
9176
24973
7136
16564
10332
32276
22213
32480
29857
3944
16106
23877
28937
3409
27081
11501
22708
5533
4852
23724
18702
27315
27093
18083
8234
7205
14901
30164
9797
12162
11976
16202
18274
30962
22612
21326
24748
10098
18078
29468
18945
7800
4010
32206
7647
11809
25597
13436
31740
20601
24579
9197
12266
24740
15777
15566
22924
18420
6539
26108
7913
16445
18595
17054
31029
11643
20524
20402
4813
7559
25841
28894
29091
17244
25127
27187
6045
1400
24750
4500
23091
10119
4772
8346
20098
2708
31711
22365
15061
29292
25096
22559
28614
46
32351
21013
11230
20407
16436
9493
13734
31133
26287
13688
21210
14319
31694
26443
23397
4929
5873
8314
730
29161
23440
3117
29611
10894
9892
14614
28503
16866
9121
5462
21543
1356
19234
17218
16042
6217
23873
20288
12961
7879
32229
5662
20586
12593
14325
20130
10108
31863
22540
23978
5418
22046
28609
25960
2784
5767
12067
29740
8083
2253
10613
12185
10618
20716
23667
3893
19373
17331
22753
12951
23069
15793
18791
5625
22401
13897
18949
20734
18450
12404
5832
1233
25362
28017
1553
10401
7956
22774
26574
14732
17834
17148
32248
21465
8461
16387
30913
13620
2013
3135
6294
29371
24652
27775
1337
27198
1251
17837
27390
24358
21341
23230
26945
738
26166
607
20340
8594
10575
6841
31396
27892
4688
1121
5724
26382
10257
1264
7400
5164
13114
30747
6999
28839
25012
5884
15629
24903
24724
19238
10959
9999
32574
32574
32574
9987
28462
8783
31295
10299
17333
32574
7232
6684
14293
17052
7592
24832
32574
32574
32574
26961
30272
27920
22084
15157
30533
15181
29050
23804
29747
13785
7723
21394
25355
6865
1855
16579
15396
13059
29122
11687
31136
1782
7978
27905
17947
773
18728
22093
32330
20401
30384
12182
22498
31596
6265
26017
11099
26011
3768
10380
20836
25407
32282
14177
10464
16238
14376
21330
9197
26059
1143
18455
19994
27859
8224
11541
16847
32195
26219
14281
31230
12279
12671
16311
21716
168
14897
30018
20650
24971
23821
18611
23574
1632
29557
17287
2199
23119
19476
20973
29585
29609
8396
2785
30156
9050
12776
9791
19406
18716
4423
4610
8865
32332
19472
4027
29076
26230
1476
2098
10971
30841
20016
13326
32130
29271
32303
24265
7883
14115
30638
16669
31482
12956
20686
13807
25068
18451
26085
2864
13442
6567
15673
32560
13422
7225
26994
25199
7170
19842
19074
15307
17599
14725
31606
16013
3724
8809
10584
18605
28081
20349
24333
30066
30384
25146
7308
26436
30354
8968
14344
14268
8223
26019
9582
16379
4450
9873
14154
6710
2770
22440
24936
5504
6741
3441
10619
1450
28223
24844
21602
27121
15837
20957
24845
27832
26804
13121
13502
10173
21512
5849
5076
31071
23370
28474
3403
30138
25880
14589
17682
31384
30821
31895
14053
7966
21066
15663
27511
8202
18475
4000
18772
30660
13550
20735
11572
6622
9039
2885
30928
2885
4314
20233
9222
25970
30744
19572
4565
30634
23539
21585
28642
1947
986
17938
24620
5978
24930
6110
30609
15776
9613
16638
32190
2158
9992
26379
7158
7810
20302
6543
31527
20324
28870
5770
29427
21060
8191
14271
873
99
32381
32567
27909
22013
24550
12
23805
10292
1009
9315
22344
6971
15516
24475
27240
15471
2839
3480
2869
5013
8626
22768
26355
6552
14569
25444
19758
25783
10127
3560
28367
24743
8660
25048
12538
30218
5806
6561
11940
14139
25832
13295
29691
10163
10539
20394
24878
14143
28447
23640
18025
18841
24014
25579
14595
9100
26385
19305
17181
13252
3397
27003
21115
23242
19100
3239
26085
32065
22304
30448
15474
21404
1413
14174
23128
32339
20890
19725
2045
5199
11831
8650
1892
28493
10813
28257
21873
13884
18111
32319
18432
7818
23253
22479
9982
7874
14867
26489
9892
21066
20366
16200
23921
23511
22343
6945
12308
32086
15782
6112
17914
9453
3482
251
19309
12251
30000
17148
19149
27282
3240
809
32569
5857
96
29990
14454
28046
10767
5302
26549
459
14780
11560
32745
30122
9528
28726
9778
28554
23332
17335
11065
6870
14747
27634
27720
7908
13975
25876
20513
19474
13603
4704
1869
24186
9865
22158
8386
32693
4046
6070
9162
425
12617
22302
31772
28827
11422
22763
14873
26696
10153
17432
12488
9065
21163
26751
14335
21638
25803
5880
25659
4465
31949
15569
25290
25127
13425
3918
28230
24452
31447
27070
961
20262
9161
8492
317
27029
4060
23166
30245
8250
15958
3026
25691
24594
9746
23211
3608
6108
17613
7452
22995
20894
28602
13105
6097
3531
32721
12477
32603
14336
25073
473
19831
14866
5885
12028
26352
20935
32047
27364
27974
31407
30194
538
4281
7498
24249
5983
23601
20261
30032
13868
28057
9064
4770
17508
9428
24904
11273
3222
17482
18431
2738
16249
25178
21275
18402
4594
2168
16500
870
5813
28347
15178
4943
1662
771
7031
24159
5078
20620
835
30750
29803
25593
12741
6882
8333
16844
28087
7104
6569
11219
3749
3071
15758
26108
12800
568
15278
21845
9300
45
27650
7677
1445
15893
3605
5741
4771
9994
10313
31724
1062
10384
25423
28659
30962
26372
28615
20932
9815
30225
27925
21779
32036
28277
22180
28272
28035
31837
8246
14280
29363
31225
3367
23130
14716
8628
17386
10316
6552
12259
20727
4688
30151
23482
23647
32316
30637
1237
15114
1813
20000
9883
490
4661
13920
7692
10165
23951
21687
1257
6654
4086
29861
2083
4804
8869
1653
12619
20116
15037
18763
12472
413
9178
3471
25600
24292
22714
10496
31156
1890
32068
22643
30304
5068
5226
27072
11808
10999
22019
4033
22350
25953
16287
20321
18942
29300
18530
241
15473
23022
14486
31648
4203
2848
13404
5999
8300
30018
6109
7756
2442
12935
15619
28482
22702
25976
19951
595
3000
2395
20134
15636
14082
2435
8025
10492
1670
6808
18889
21802
22745
17815
7994
32418
20208
5417
6813
15916
20992
28234
17927
1856
31228
11288
24469
25660
12371
10756
32612
16565
5615
18838
7351
31245
23235
15133
28631
206
18098
28629
14561
16512
12308
29111
5783
28243
13214
30343
2896
22557
26895
17094
29442
2988
7473
22123
9229
6746
2501
4396
27265
30643
2159
1190
5354
15520
30414
9401
23082
1432
17670
8374
14686
9732
14957
1575
10355
27941
22603
18515
23001
16163
10012
32049
15857
3347
17024
18444
10247
24084
2114
23076
7790
32613
11220
4039
12401
3475
915
3396
8118
22635
1871
3919
2950
14304
13247
10371
15535
14825
5930
24120
26170
6684
14092
26264
8893
20379
15560
23387
17265
12637
9664
28698
4327
7064
17301
15689
25302
2456
31323
28029
25338
14370
18522
20812
29932
27083
25688
10025
1364
682
806
24496
26890
25415
7163
20303
32386
8909
24213
11624
10834
17388
22606
31127
14208
4299
846
21118
20257
19815
5396
9761
28355
7586
7385
7280
18894
28888
6516
4425
10376
10528
30184
28188
4076
32704
17910
21744
21778
8469
27844
30871
11615
28847
23040
16758
17719
21031
15344
9586
29506
27436
32299
1088
9276
25307
13309
27049
13399
6880
4670
31179
5745
20221
15499
24683
4059
11713
13260
22597
17432
13927
1222
3847
17011
26126
24149
20462
7984
28379
31143
21048
4666
21752
28991
25748
17866
13919
16244
14763
9792
32512
14247
14945
22151
26649
30828
3747
21987
19463
5658
2362
2459
26025
23913
6888
11669
10828
10688
4564
20107
23967
14603
31099
3040
26478
11425
10239
18158
17132
702
20246
19339
12083
15498
15332
28880
10891
19691
11496
8033
16391
2123
8573
7536
12727
8900
24108
30685
19593
16840
28227
12314
656
18496
6320
31762
11305
9410
10104
19861
19918
21349
29721
20775
1983
31552
23054
30056
3633
32366
13562
26669
12977
1262
29202
15758
2683
2517
3255
9050
18653
10473
22559
11413
7388
7706
10265
15666
26277
10656
2851
20292
2714
18041
11715
16235
10045
8247
28935
23412
16695
4263
17753
21271
10109
18443
19273
21565
13464
15211
31567
27996
19731
14364
25884
13779
10052
16357
20711
29362
27116
91
29648
28909
5524
6636
25226
25194
26906
27606
23394
21421
27668
23009
11737
5595
7212
15833
8286
30262
17672
16020
13286
4640
14241
28265
26886
25698
10818
31086
24954
10240
5739
23731
25402
19617
1071
26951
24779
11056
7222
14467
9448
20979
3510
4727
28516
29782
22574
19972
20790
14345
20534
29346
3642
27574
18957
20481
32009
10684
6631
2826
17336
25690
29920
8231
28795
5504
13418
18787
17544
5462
8147
304
18904
7959
28563
22757
29910
5672
14508
18368
23856
25231
18907
10824
3271
16134
12135
12154
917
1118
13608
18770
4306
13649
5092
4807
14136
30260
30031
9690
5574
8500
14257
24390
18742
22311
15301
19857
5772
26076
6388
975
5769
25937
19709
27001
22202
12778
32337
92
25558
18409
7973
19560
7787
2009
11770
12866
9665
11102
159
13670
13454
21912
20825
9579
28578
32238
21656
25442
1478
32274
21302
22259
4643
20052
24525
26755
22983
29506
19382
493
22856
1121
9212
22274
9143
31356
31368
15359
20233
26256
8996
31820
14799
1647
21998
16497
18395
31083
13753
5827
2671
28701
21468
14855
8951
4328
17810
16996
7564
15763
5783
30418
3245
5915
134
4572
19929
918
29512
18495
23620
27231
24414
13317
18199
5529
19017
27144
7169
2789
1915
14608
437
17741
17006
4577
15014
15034
10637
18758
25701
15065
3178
7852
9957
22794
2654
1995
28747
14542
895
21373
4404
17005
12568
1958
30754
6110
19917
25150
9228
26435
31954
1311
24514
116
32383
7332
23135
22580
14210
6472
4141
17594
28450
5966
31459
19818
19401
6131
25862
1947
17312
1532
12704
13526
14816
14985
11240
27060
21403
7503
21369
13293
24347
19627
2668
11075
29817
811
25490
24163
4055
2201
24784
4831
12175
19654
23777
29046
14757
30952
30666
20955
11563
23717
17179
29133
14545
31300
7823
25801
2304
9215
24507
31765
4877
14227
15014
16378
209
21583
6252
27031
16727
28588
26618
17473
29823
23356
8536
20266
415
7176
30952
3163
4504
7534
1
27560
13758
11116
20905
23577
17252
18169
21666
3495
6330
12638
29228
9590
17754
1
18909
27131
19563
4039
4017
32290
32367
923
26798
6629
18438
13194
15795
7235
9760
13243
25555
49
28430
22822
15018
11491
5564
28086
19668
23033
27402
27143
20314
20446
5635
24816
23281
4144
16886
9286
26888
8411
30332
15859
29463
11117
15648
4102
8059
8863
6508
7562
17194
10326
3060
13999
9066
4802
14179
7876
9321
9065
18711
12283
15352
32583
6194
13764
25863
15481
32582
10488
11536
17564
18675
30132
25141
23949
437
19908
9358
14510
12053
7938
7585
16941
7866
27569
28139
25863
6244
29016
29692
4329
16389
29744
3644
11209
10537
1708
17521
4723
18550
29180
9303
31359
2833
9237
30611
32378
8345
23019
21029
26374
2905
30746
31559
17122
9926
26737
28474
7540
6870
4661
7355
29086
29366
23140
30450
9300
21268
14712
9856
15750
5562
6396
31152
28538
19546
24407
26154
18716
31087
23140
21548
13701
27730
24753
7478
11196
30900
14677
13772
1234
16246
5284
24488
19876
26983
7041
25779
10729
17358
6477
29572
9412
26558
25590
29999
12590
7353
31799
28104
12851
3532
6672
8698
28460
22711
12739
32634
25897
26298
20312
22512
20710
3381
15239
12693
30943
18309
13301
11064
21775
2566
11488
30729
28839
10699
32422
16846
22988
32530
25275
11591
12299
20168
24364
4052
14003
19079
2726
16901
11142
20998
7110
28574
1191
24488
8774
889
17753
18914
2740
23691
7411
32268
28755
5805
15816
12436
468
11230
4878
20591
21456
15185
21021
31994
9872
9775
6880
32015
9411
12729
15166
16976
26360
19909
32394
9831
5815
1597
15404
796
16947
30024
8844
23817
5206
4854
30061
1288
20354
10947
23418
26463
16421
9214
16078
20388
31388
29411
25394
16375
22953
27283
7326
7256
19452
4474
14094
13450
27357
24194
14529
18181
7758
27487
27869
23971
2549
14910
26726
14000
13002
24580
8014
9938
26308
2185
17483
4309
24585
12980
4248
4350
17741
20205
14655
21279
26183
18111
3847
14289
8344
24804
16504
13356
13700
23382
3976
21041
6791
4415
19703
1146
28836
20933
30009
4439
5209
30010
597
14010
13536
14628
3676
22008
3613
2017
18934
29467
17627
29216
28475
6415
28334
19416
11626
4800
25603
23368
5848
27417
20299
12520
10769
27684
26518
5105
9361
32493
25792
28160
7941
10797
13517
9327
15003
5867
16857
27389
4477
29244
11490
4795
484
31993
18200
8346
27613
12610
24983
24493
31585
8747
28275
19723
25303
9575
102
17478
6872
19588
3233
29720
1128
24758
29566
9176
3379
29453
891
10689
6159
12510
20578
27108
4873
9809
7036
27036
6733
4104
24879
23486
3723
530
16829
22337
9428
6928
24064
25389
20325
17076
7667
11646
8209
26740
30890
23970
28920
4801
12878
27805
12411
13776
28043
17288
32662
18948
29712
3147
26028
28080
29449
14128
6218
20166
25834
126
7269
24966
16570
17424
26467
5129
3707
12288
24551
24186
13517
12864
16286
24946
19906
486
2752
7355
632
21507
24221
9180
24888
31472
24919
8977
23251
1206
17055
9117
3754
27348
2330
21929
16603
6361
12654
21306
23951
31696
25190
28429
27382
9594
10449
9591
13501
15114
6660
6586
12576
22586
8123
9704
20951
8675
4900
2876
16440
10734
17023
5116
4096
14476
3797
23118
15235
5422
7966
14155
3624
6953
13275
30135
21216
17465
11700
28854
6693
9361
32116
25818
12530
8642
27511
12542
10981
2801
16108
8209
4049
19885
3445
28213
14154
18292
689
30569
21134
15539
23482
9385
23753
12295
27056
13192
16861
25558
23872
27738
6253
13107
16977
11750
13061
21189
18098
27150
23855
18342
19866
32636
24833
15352
25661
12341
32634
31093
15471
25077
28306
19181
12243
20304
22383
1286
3343
23228
32609
22634
19445
27741
20345
16488
2151
1938
15414
22367
24108
20119
15717
11739
19637
14487
25334
15951
10913
5130
9728
18632
16807
26829
27439
23651
1566
25128
16502
24308
2901
3980
15829
8604
7469
22305
9979
19740
29269
867
19102
28419
6854
6128
8181
21774
29587
19533
1661
20317
15518
30820
16473
18831
19203
10063
19407
2763
8317
13441
1732
12651
22969
32451
7644
12302
17202
5027
17166
19752
28185
15601
4269
10367
23110
31624
26221
24257
32175
32493
15129
6370
30901
28031
4519
27797
325
27313
22245
21468
25926
22158
24806
680
14992
14070
3023
13540
31942
6767
12253
7512
30034
25457
17113
7005
6686
23527
14096
11934
12985
2142
17876
17563
7167
15042
31535
22613
11671
21049
10937
24637
21945
1748
1264
15909
14045
23599
13044
5295
12754
16765
19730
24359
29270
28634
32301
17672
17118
19763
31660
22415
8643
16557
7724
1873
18197
28184
24126
15664
2942
21394
26055
21511
32031
23312
19414
16375
25304
32716
5980
1875
13242
27001
7413
12408
20807
21202
23216
31513
3645
30733
171
19991
22592
1357
7059
12488
1228
19759
30772
5760
1750
5148
4974
9379
8690
4068
16343
19044
31440
3142
10879
6755
23898
3359
14654
12312
14434
19293
6742
24105
10199
2563
10096
8936
9857
10608
19698
13709
25369
29481
13922
597
2591
14080
21488
28631
8080
6215
7915
23633
25642
8214
14566
238
29009
30615
28494
24480
2957
19656
3130
3833
7492
27484
11821
27209
13062
18768
26799
12376
16281
21394
7617
25992
31597
12317
29622
18184
7027
9912
14424
22249
23092
16343
15741
25142
1770
18651
383
11005
16251
14996
21499
21861
25746
12325
22039
23679
15511
23299
8171
16073
12740
9862
1447
13646
8509
5030
13119
30794
8342
27974
26988
11022
22790
4943
32525
22112
23943
18654
22577
27839
19070
22253
5687
1752
26774
6059
12879
29117
30523
15543
15190
2817
346
15701
3887
8225
9378
4297
5125
11805
10515
18855
31773
20039
12282
20301
12738
22645
20314
21060
7389
10495
20088
22910
7546
20235
8866
4566
21428
27088
22525
16124
5711
16089
16188
6879
25181
4001
6968
5478
13477
15514
1654
20612
22078
5095
4151
12843
11139
15430
19918
14510
12275
20318
2063
5978
9591
13226
31516
2373
22329
3629
31385
30020
7520
23262
5196
8752
12038
7686
26565
4270
27886
31117
7752
15850
11080
29595
10705
27449
3266
1486
28311
4469
26226
21543
20957
12407
30562
8780
18926
7535
23891
4856
12130
11205
11261
30702
16594
30553
9268
28812
8402
17406
22818
9964
10253
31226
31078
9614
11211
9457
27311
8411
7683
30372
4743
27409
10174
15326
8108
3567
17231
7791
22630
5152
14389
27315
28342
8039
29756
28194
24022
11284
20196
16234
23988
26377
20214
17306
14361
26958
17354
16490
30110
10403
17514
12295
20366
11798
15491
11311
12818
24734
26717
9763
23201
22044
27919
3206
11741
2592
14055
13629
8977
13353
1843
12115
6878
18903
4141
30709
12672
17184
4459
11584
25401
24629
12385
28070
1875
13069
2899
25409
25128
2523
9819
12784
987
30348
8316
25571
4165
30269
23774
5876
16663
22559
19475
24711
14416
16446
12920
13356
7486
18937
1341
23518
18565
3627
6305
31274
10676
15336
14632
28011
28463
11172
7662
29373
10834
24293
19971
30861
31852
181
24821
1491
18490
7194
18233
9653
15263
80
30256
24175
31993
16697
12180
6925
9818
26999
12612
12168
28787
32637
14537
2480
4360
24643
18469
2836
12286
31646
19853
17621
8873
14264
191
1758
8029
5071
1039
28260
3156
25679
19250
16214
27759
1570
16082
9768
26124
24190
15841
13516
12948
23303
11164
5031
31232
14070
11836
17411
4252
32553
18365
5449
10212
25691
4537
7290
13647
17049
11293
20558
1607
8921
17555
26160
1926
26472
25457
30473
8657
3079
10301
26277
20072
30766
32452
11327
12881
28112
11881
9343
19861
29232
24363
25753
31869
31134
4521
15141
25758
27372
9120
5106
11430
3967
28381
11381
12124
23474
30550
23109
24347
10408
28462
13725
32125
17910
25495
744
6576
2553
12469
5692
26844
2215
20415
1679
12778
8859
20231
19312
22668
13171
11759
6961
25623
2134
17643
17629
22361
3278
11030
31902
22115
10086
11152
10939
10266
27805
24524
26931
16106
23338
5122
28627
23823
23304
24197
27195
13937
32173
9255
4149
4159
30944
20283
17875
7239
12875
12773
27566
2572
3349
30321
13789
647
19826
12948
18239
162
6938
22820
11383
15503
15666
26785
2055
7165
32526
27303
2844
17440
18925
15571
128
18745
24877
1978
11739
10388
1728
16422
32256
7663
14745
8561
22862
26347
13237
13944
10453
23634
11982
32528
15329
10006
19824
25875
157
10846
303
3728
17759
25898
3572
14971
14154
16241
22947
21234
27231
30918
22689
23347
5483
16876
20299
14031
17234
9045
21577
6838
7841
12464
19816
29443
16500
3637
4089
7129
3561
31697
4565
21244
270
3805
8794
11997
4402
23740
14528
14910
26145
21712
12229
5841
12027
15368
3217
22482
14741
29611
14309
22076
23479
12361
21664
26646
28273
24140
25911
24026
24273
2394
13966
409
30704
29635
22001
11945
12860
7602
24366
1311
22427
18558
16804
1124
11132
27780
10811
15889
23788
9464
25995
564
21587
6615
30888
6021
3603
23582
19673
20083
29252
29407
31490
7051
30677
25025
19481
29688
23380
704
2020
17609
12354
32051
26459
28248
13265
29747
8613
8402
19298
31549
10451
31904
21885
30650
8787
27933
24192
8337
28597
13833
10903
22813
28321
22864
7758
29111
32662
1248
5939
1157
23303
31306
29574
6103
8468
789
15456
268
13951
11995
28967
12863
22591
29818
3948
14138
10827
18487
2689
8624
3621
21146
32398
14278
16806
6235
19293
9053
25946
13624
5781
9296
13864
16336
11428
28532
3436
21093
31406
1679
15634
15655
16539
13387
2792
21827
3835
26544
3982
23537
8194
4827
6863
17257
2630
1192
15985
1488
2397
10100
1446
27032
7373
18170
12214
1289
25512
20725
22950
23689
16394
27585
29044
4783
1904
16444
12678
25351
21392
11358
9803
15948
27240
24756
1784
9955
26787
25354
74
14824
27994
19646
25659
24621
2121
32585
29292
30910
13035
26338
3069
27175
5894
2063
6518
2868
18827
19678
3300
31649
9440
31484
1064
3735
2389
23370
31214
32174
25468
28991
17256
32630
7107
6005
14436
3945
21538
15448
23872
11312
32164
523
9341
21275
5931
11803
16161
27314
3119
5106
16381
12815
3372
16901
31407
12872
1870
3783
29296
25099
20052
23899
5480
1050
19928
18380
9949
27980
4921
31745
12119
20306
3036
30013
10089
31612
11162
4891
14248
17208
32437
15722
18225
13467
15933
7385
1005
17969
11793
26299
23293
26881
28257
4136
20547
28867
21134
19616
31353
6245
20208
24149
226
31951
4019
29800
4658
3000
11051
27644
29158
18681
15566
15088
960
2161
5408
1185
7476
14244
17788
32414
19304
23280
12788
17414
23563
30455
30147
5453
16817
13667
17260
14326
11809
13413
27883
13914
22481
23785
18432
7642
22731
28041
2394
7566
30781
28408
5146
7796
8282
27224
12893
13080
20656
31856
17996
29486
21251
17315
3147
18699
32442
26330
8794
400
5744
30011
2296
19637
30009
7042
17860
22793
1943
3147
23184
14683
3797
331
4777
18745
29648
1416
445
21233
5815
3669
6300
30812
29563
29758
12520
14263
32681
5322
20001
22664
1602
16252
32495
22675
5711
31748
27674
16570
26964
13063
21946
20311
8896
6345
8295
15355
27403
27158
16470
4180
7750
28690
4226
14618
2181
10031
12246
1356
27181
15658
13833
25692
7052
18518
13432
29795
22756
28176
4824
8269
19851
25301
7960
19978
2434
28115
24118
31162
3648
9242
12210
27140
7720
3428
25073
19474
16659
22324
932
32634
32236
4072
16429
21674
23070
32662
597
29148
8279
11534
8008
3931
6959
9854
32712
12201
16619
3553
2257
622
18064
8099
28124
12857
19777
25375
24791
23710
31621
2116
9022
15071
3188
24593
19522
10233
6599
28451
30006
28360
4832
10435
29958
17262
29970
26543
5635
28985
3856
25263
28072
29916
13427
22881
30587
1295
31388
22801
19854
9657
13516
17208
13337
12203
7447
27636
15322
29329
27796
16385
6729
2950
16623
19341
24284
25307
22484
9488
3537
29776
19469
4963
31606
29237
23757
30270
1335
2096
30628
6225
4413
6996
31242
32274
23819
16056
25353
28019
6165
30099
14535
6709
31100
26197
12749
24366
31021
4004
6228
5105
23938
23407
13327
21833
4678
2005
3583
6972
3992
28233
8692
17037
16738
30433
26125
29755
8925
27744
30853
18903
28598
8467
4835
11778
24780
2584
18499
20020
22860
17582
22636
5857
1330
16763
7827
25928
11207
12870
23669
8244
9860
10773
32237
1777
24432
3957
4670
25181
431
23172
17016
22829
15910
3216
4739
19112
17793
23027
10263
26501
14138
29738
2343
6122
29703
12
9404
31926
12124
9661
8954
3736
888
29728
4116
4954
1363
5419
23304
14065
19509
8351
12238
13256
25013
30017
24811
25915
7248
14343
26099
1105
3489
25717
30821
7517
29951
20075
6004
23795
23218
20547
931
13179
30379
8296
2539
31993
15126
9947
21912
11972
2165
29468
2559
24572
23409
2558
17873
524
21950
4407
11534
23696
6577
29667
1870
26768
4123
28327
2141
15524
3198
31572
10406
30991
23297
24768
10326
9156
17404
1809
17115
5244
1515
6040
27418
29644
27459
25125
15686
11041
11778
1315
31493
17281
28873
15512
2540
28754
14911
26871
17583
31666
30880
32186
21372
1033
29495
18002
11278
19288
21656
21884
16039
18104
3375
15380
142
24298
7987
5865
31110
23577
3451
11319
27997
957
26990
8063
23620
3052
2291
4849
4154
19170
3190
2204
925
10162
10607
12937
18654
22622
24953
8475
23422
30932
7631
6384
27262
30231
4718
1660
16880
18960
28426
8220
26165
24618
21010
26098
12434
2406
11283
4103
9710
20088
423
6802
14194
17749
11854
29146
9623
12374
13302
24055
93
32239
30447
32009
11758
2003
24080
10108
2951
26858
16580
16278
23589
27241
17069
11000
22307
27580
4989
1205
10555
1432
6239
31945
20751
11679
29420
14919
30295
17354
7719
5068
31314
25685
4932
30069
11648
10900
23998
3797
27277
27914
5745
27721
13488
26158
13087
22671
15856
17244
11309
31751
21609
17231
5156
12836
31240
32073
24540
19250
19419
15765
3597
4827
7925
27233
8399
32738
2022
18544
20093
4911
2955
2685
7627
524
20177
32219
11863
16427
22838
31658
16019
4321
28029
32599
14780
2029
28255
22078
3231
10285
16088
15528
25575
27391
6344
9959
11140
8959
21887
3594
22795
26984
27862
29082
13514
28645
26582
8016
24195
14639
681
12066
11971
17106
19388
3691
17604
7636
13917
12675
5007
23892
11284
12509
16433
30790
27791
31652
20192
5916
7143
21830
23546
6341
10024
3907
26287
749
8601
4567
26421
2281
24662
25181
16281
9043
18575
29545
4221
19475
776
20885
2926
8016
2118
5776
20378
357
22824
31066
10670
8439
6419
5823
10625
20340
369
15369
8425
24620
12212
14811
31389
12716
10204
20603
4623
28654
7039
17070
20636
29202
5767
23470
12876
18326
18068
32527
23554
20238
1148
11090
14167
2387
28340
7720
13387
1851
14923
26346
10701
31970
12536
21603
13819
1519
25930
24844
24992
14100
28865
32313
20657
22454
21945
16769
16007
2042
16797
30959
24493
29866
10760
7038
9206
32184
29359
28630
3232
11863
23258
20089
23755
11364
6451
15497
14659
28902
27055
15650
31630
8084
31502
32126
2573
22863
25402
4262
16466
10229
28555
7647
16311
29051
18617
23540
24906
16438
10059
27956
15491
11562
16274
7430
7489
9376
29629
14529
22784
14216
25768
20342
15838
12579
20667
25430
12948
14897
19636
4923
16382
8823
20523
15162
15988
21202
3334
31212
9446
31515
15683
6887
16558
9818
20884
2719
17440
12566
830
10210
31919
26283
6336
2567
20294
8653
20493
15181
26716
32506
23726
1594
30840
12206
7673
22495
7153
20815
15233
17321
21570
22181
25669
10869
9468
27188
29589
28314
8132
1607
16147
1996
18564
23432
31332
468
30355
21808
8794
32533
6993
13729
28857
2702
29927
18952
6141
29059
20145
18170
8887
66
12006
9718
13449
23803
9916
4687
24652
12805
30754
29159
12370
30845
29736
18961
5057
32130
21408
20805
20772
20697
19593
27593
14985
6625
6313
21074
12924
3685
27223
13079
7207
26338
290
20205
3070
1823
8369
14892
7947
26420
32423
2857
12427
13145
9579
15010
2612
30679
2945
23084
22890
24736
15403
6256
26499
20065
32051
3548
4340
12081
2016
20483
19637
1210
19507
15525
16836
13719
10781
20853
5363
18521
28455
22055
11346
6307
19037
28149
12050
30383
21569
27387
30119
9910
19411
6637
8966
31114
26696
9424
26906
25239
20629
21943
12670
32030
9039
20379
25694
31254
4601
6857
30761
8419
8436
24895
29511
14542
28417
1209
28819
15565
12679
18301
24586
3616
1783
10753
1798
10212
15959
17353
19361
21593
9193
1993
1780
16155
18093
20995
26502
3097
14588
12147
30167
12110
19505
30721
5269
22390
20060
28218
32180
18695
18162
4345
17046
13563
11412
4459
8951
7642
337
16227
6805
8113
9128
15145
651
12955
15285
26978
16044
19446
28216
19720
16007
3739
5090
8769
4839
10523
15603
21091
4853
23984
19842
21423
26483
28426
10865
7262
6146
29554
6102
9814
628
32187
16626
7942
9059
8035
19043
1741
4234
29480
12123
17971
17674
2138
9482
22176
17756
653
20478
10797
7981
16677
5408
4872
1083
20303
2675
11294
21497
65
15341
12630
22394
18193
10343
16343
619
11486
8760
21607
11492
7806
19247
1149
4597
25586
12849
9703
28754
32382
6227
32730
23710
14066
9743
15348
6314
14519
14924
12778
23721
7709
14145
16829
1081
2257
24623
4440
28774
16183
1713
24693
25014
17921
6977
18773
8443
1355
18729
7882
8988
17580
13919
29270
15453
28460
4414
4317
16362
19761
12366
11796
24140
1725
32221
30881
9647
16094
17432
20074
17094
5199
6936
7602
12759
22816
17859
25927
28369
14913
32526
5457
19401
18156
29127
28598
19418
31546
12760
31059
1904
12598
31658
7030
5193
774
19326
25314
18946
10775
14550
21946
28362
16236
6107
27244
30214
9178
10574
24300
24638
21757
29792
30050
20092
7322
601
307
22462
6195
15268
2844
28239
21182
28590
22789
2318
4926
20996
26795
8205
15011
22416
14905
9215
19465
1609
17955
28899
20259
23913
32275
8222
13900
29125
27718
6199
19372
8761
7196
29904
25054
28059
17807
20761
25587
15742
24093
15616
21190
11775
7751
30817
439
20190
21749
14073
6277
26977
20050
17335
520
8044
8392
2545
16289
32317
1349
16165
19404
2819
7898
24334
10570
11397
30915
11191
30917
10814
2015
14455
8224
13615
5829
11469
28251
3566
14178
22006
20644
22161
6434
291
22016
20635
29383
26807
25077
8183
28566
30014
15777
22668
2874
10724
23370
13370
32143
31260
3583
32065
30699
11799
4237
2720
15590
29786
30061
21220
25386
31377
4965
23772
8016
21630
19639
12249
23154
20726
7323
20461
5956
195
28581
28279
27008
31998
2207
9589
31029
18285
32422
1078
15560
8768
28860
18395
16174
16893
19329
20743
8180
20082
10719
17663
12353
12819
6601
4917
22207
887
15564
18730
2321
10168
24588
10233
16479
9002
19951
13626
3494
9962
9271
13682
8232
11262
22070
12998
27685
10055
11042
6323
20298
27185
21323
22628
2065
24313
13732
27495
27763
10945
376
32070
25578
17859
24352
14569
8510
30068
2373
3513
23577
7677
27062
2947
8763
2999
25517
14471
14337
23992
24448
19510
10225
3480
27476
16058
22973
2212
22519
9783
32202
14751
31369
20978
29841
13827
1425
25042
10325
22456
22573
29452
16645
1844
4194
19927
18339
16495
10051
26716
10319
20048
2321
8233
25732
15811
10340
25920
2216
13595
3882
2596
13823
1908
5979
19
18336
29070
12169
11718
24654
11689
19337
31932
21373
24065
22285
9728
21989
13777
7948
2593
6758
5074
3435
30625
5492
24624
3694
10085
28743
14907
7324
22080
19190
22542
5417
20628
6066
2181
19785
30018
32696
21979
28949
180
26198
5689
7618
4242
30096
20952
14243
7605
19256
30803
9537
24373
30916
1961
379
26987
26454
6771
8145
24242
22930
18186
5116
14400
31881
1205
669
15041
29758
17207
5740
20989
28000
25949
31889
11248
10971
6917
23510
14453
2335
9272
2833
154
17122
6516
15172
11191
1415
19059
8932
14045
1384
8076
28977
31879
5359
11443
31779
10853
27382
32123
25274
32313
30445
17104
26857
16266
24124
3754
4271
10223
11895
32737
18986
16429
3274
4225
31023
24695
14690
2869
30891
20898
15407
26516
31946
20718
15838
23956
9016
10932
17258
2799
16672
27809
4029
11348
7883
984
18365
5396
11718
18451
29682
8485
3374
12349
17329
4796
10842
17129
10379
28988
7213
11946
5800
14685
25334
5910
16814
5332
22266
5562
6742
21619
12584
5083
22133
1326
32210
3016
13527
14779
28861
20140
20383
21928
13056
18291
17666
29809
29615
23575
24491
16475
1845
9144
26348
24789
2651
1464
10622
15459
19243
6783
26066
21164
14274
1549
5750
13607
29146
26060
31377
7501
19790
1565
23508
23363
377
3357
3009
17628
26371
18340
13464
16734
16744
22686
10512
18160
11364
25160
15635
6713
20269
258
3634
13069
17381
28410
23011
29064
21991
15699
18689
9832
2538
30503
3424
2221
1978
14085
24060
12574
13479
13534
26453
28758
24757
26556
29732
8834
6781
18791
30601
4756
2128
586
4637
8487
19321
9244
4109
15017
31058
30727
2850
4527
3151
10168
22440
5467
10335
27700
17226
9080
32471
19789
18910
14071
12771
22722
8300
23268
18381
14124
29448
25034
26533
13600
28228
11632
725
32373
483
8426
21729
24580
19120
30170
21600
9008
19257
5544
22441
31836
8374
18767
4378
12118
30430
31599
18264
13738
10566
3173
4034
15740
32076
4587
27385
9686
30517
5420
19772
16950
26839
30862
24062
28036
12315
327
9287
27047
7613
3021
32443
3677
2476
5374
24210
2701
7723
29578
26657
22610
9310
13117
14817
7593
18325
4846
20494
27883
29405
841
11144
17730
16269
31077
8697
19165
6668
26693
19027
26534
32024
29956
5107
23482
31561
28441
21303
8308
7788
13069
25437
25947
32119
14877
25020
1152
9257
12227
7794
31888
27633
11106
22200
8579
26244
5888
848
31010
14018
13880
7459
25373
24572
6335
24324
5758
25335
11269
29967
17783
24260
20335
12829
5984
5935
16279
3301
20931
24367
20579
29246
12220
22732
12787
17474
4822
16489
32707
8675
28575
5217
15144
27171
9255
25210
5574
7524
20275
1241
12181
25856
29591
21960
23477
20775
27611
1534
6847
3437
16249
18636
9070
870
29816
20209
18957
18414
13591
4343
3841
6168
23012
4939
8717
24395
29407
17131
32013
1301
7155
2797
5150
7081
29188
11763
25908
14609
8471
8559
3572
2760
1313
27007
9859
9426
10632
4253
11127
18371
14005
28275
29001
29067
17529
8213
6835
13222
16274
22159
26634
14987
523
31035
30575
20380
2807
2581
20134
20708
23491
19312
30820
18013
31682
13859
27852
13858
20890
4866
1997
26726
10697
5643
11704
11006
22693
26708
4858
15513
10274
16880
22909
2164
9748
3675
20061
9069
9793
9451
26668
20167
31642
7064
5068
19609
6984
21720
2889
21936
4690
19742
17353
13782
14032
17908
8504
13813
24799
32230
5196
4320
12951
31663
22540
28658
13557
20183
12770
21253
2407
4682
27240
10294
12993
7618
8413
15017
22925
24921
24634
29107
10408
17792
6706
17532
3902
7761
5101
4943
31202
20564
12998
16475
7365
14411
17030
23131
20131
23587
5546
25375
25437
12697
13152
7131
29578
5113
26660
29632
32148
9835
6586
6079
11433
29551
5558
25904
1146
28461
18950
20001
20746
1996
10504
11536
6827
25646
17779
7983
20463
25145
10383
30652
31640
24075
8615
19371
2861
9367
335
16746
1402
987
31602
29882
32171
1045
556
9861
16940
30023
10072
13224
20825
11702
5678
32527
17526
21990
3602
8859
2504
1995
14838
1836
17238
6543
7997
22752
2235
7167
2307
17394
18645
3493
9320
22492
4550
3878
19423
18326
16059
18015
25977
31362
1334
5647
955
31088
5517
22284
20618
1383
21030
11699
24625
11289
451
30413
13601
14932
15764
23846
17084
31591
32660
1207
1277
9281
21034
25065
31260
15849
23694
556
5550
7804
5893
2444
17078
13869
23891
24302
30827
18465
4364
15252
7175
14212
13418
15921
28133
19029
2414
6962
10132
28827
11481
22937
10962
8909
16451
19054
30481
11448
31051
27644
12082
18034
890
15933
2579
14127
19758
4181
5329
14304
8471
16476
22777
3531
9151
28645
21686
23495
3868
2145
14383
4271
26329
1047
25721
13548
1015
12756
8498
31450
27002
1402
18841
11296
13094
30569
32602
13425
10081
24618
16893
22945
17217
5548
6816
25814
19178
8129
21093
17470
6454
13684
2306
8770
3417
2969
23344
9808
11107
19991
20031
23989
6620
27077
19226
22806
3467
6957
28244
951
7724
8229
27096
5585
26781
15375
23729
7697
21801
6304
16799
23205
10319
21368
28710
16346
3201
986
1018
5171
28336
5362
21457
29853
1272
1105
26955
5902
30846
25239
25855
16130
2041
32639
20703
27519
18758
10137
13732
8773
27415
27494
18257
14435
17219
25332
28066
10345
8652
24388
6654
4560
26150
3449
20909
16785
13961
10672
1494
1841
24732
32326
6310
21345
12307
19363
20918
22574
5087
27723
25631
3107
16290
6490
27404
8020
10611
16741
31070
10910
23711
8125
2297
3717
715
8030
13404
14625
27528
1206
26782
15714
3857
28433
18627
20805
28572
18127
10936
27934
20912
2252
565
14451
12398
1950
20064
27187
20649
27406
16877
8415
28897
15787
20951
12381
24244
17107
1150
4852
8331
19063
46
13271
4908
2607
25189
13896
26741
18317
29396
23113
28099
9858
27894
3561
32350
1435
3096
4562
9238
23413
13616
12977
31767
10578
19539
32211
28480
11469
19038
29973
17595
24181
27727
26551
15657
17504
14151
22727
23436
24057
19165
15330
11081
29240
4184
19301
14457
11804
18620
31061
24216
1374
1186
28585
29786
30463
27996
18535
20330
13639
23794
23903
9611
30113
12831
8993
29594
10566
28104
16475
10358
6205
5381
15056
28869
1081
30435
29621
30038
18798
26202
14944
16563
9155
28651
16555
31131
22064
19207
27176
7207
21348
25898
13970
4241
24554
20621
17534
3125
12330
15621
10615
5370
14491
12196
13649
17000
14390
9062
19254
1154
31036
32440
30256
25949
29308
27369
17883
29445
30941
13361
12389
9052
15666
18800
20164
14723
4060
7821
9787
27104
14122
9086
10858
1952
3833
21273
8868
24859
12268
11317
10588
31207
2158
626
10916
24999
5872
14029
11125
20529
11509
9639
4673
25994
29799
20744
5918
26790
22591
21623
20746
8356
9418
11821
6027
18544
21624
22623
14563
12500
3413
15526
1520
32110
19597
29770
15957
21845
31860
276
20426
2884
18734
30693
1995
32729
25892
23739
7317
17284
20222
2268
13753
8410
28039
4743
12780
8866
5384
27246
24476
17036
13421
5416
32378
20467
28541
6255
3259
1257
24844
26993
31571
18556
5176
28955
13390
28369
17008
28560
26044
17630
3295
5992
18290
2243
22058
4088
20630
7815
22778
9657
21856
23880
17987
14607
25819
586
2424
28717
12033
23548
24546
31902
1035
12741
22629
1873
2477
9855
29560
8410
13324
6154
19916
4695
11220
4240
19933
30301
3073
20603
14028
23081
24519
30963
32388
31029
9104
9603
24745
29727
31391
19676
29142
23016
26455
11173
12947
603
7935
30736
1334
24146
9775
18365
19214
27689
12514
5868
3928
28729
22097
8304
20292
32313
21455
3509
23847
32208
5531
26376
24607
24034
8656
19086
13449
27987
9253
13991
20003
1951
950
24234
18606
32052
15736
31652
25625
18173
29018
15000
5356
27476
27486
28580
31942
19163
10779
24270
32370
26672
10648
9156
27236
25445
29390
3611
13986
14973
26218
12658
23017
7909
14112
19133
8834
10423
12821
7673
18136
13458
14786
24894
10935
5026
17044
8066
21184
31916
5395
13821
28396
30376
17084
22292
30646
20754
26696
30249
23177
9526
1948
2238
1493
23918
8708
32138
12491
27450
15833
29946
30882
18848
18463
4354
1705
10951
31291
32740
14616
29223
26395
12665
2405
3139
23265
28456
1134
8463
23817
26348
24925
29435
13677
15899
27041
26406
6224
4945
5982
20663
21133
31390
16956
20194
41
23278
10213
16052
32195
22767
14647
16518
6485
3872
25772
25368
10052
11896
31326
27363
28239
18108
14666
11819
1354
22146
7512
10340
24963
27211
4304
26551
14068
23219
7587
12485
26365
27513
27522
23909
15694
4695
23677
13694
20897
8275
31884
22756
2479
31913
7983
8570
23298
11082
30793
25004
2350
12894
12612
9017
1831
32671
4093
21274
20463
553
17963
21902
6879
9609
19481
13783
22410
28164
32127
18711
13405
14858
2541
23418
32064
11159
14848
12164
3196
32200
26016
3002
27424
1532
30962
13684
15870
29460
17616
1951
22670
24002
18887
24559
24438
31535
6982
11305
23071
1454
30891
27240
12296
18878
8034
4530
28093
23088
8198
22709
309
213
5065
5929
11966
25138
31137
10718
6400
11567
4093
26168
16346
25954
12517
19362
30663
32001
8556
11831
21043
11688
25667
15303
4190
23441
1615
17313
11038
26523
6716
31026
27226
11530
7179
9387
4129
15563
1331
23967
24990
26313
5543
20521
6683
7526
22085
26613
22976
19329
14405
30367
9368
95
25267
15515
2156
32434
29153
23602
1655
13512
3023
9597
5572
9587
26303
19027
30898
2046
19233
20714
29873
117
31076
31659
8542
160
6730
11487
12320
31789
4165
11847
26922
22504
15876
32522
8765
5915
22011
8508
25738
3657
25459
21323
15031
1248
27990
31920
20027
20247
5935
30192
20557
8358
28202
21137
22248
17344
9887
30146
28659
1270
27247
5228
15365
17644
2669
17177
14468
5046
11211
30190
26088
29080
11904
5316
17000
30503
24574
17416
3958
8322
13182
15919
3510
27114
22344
13774
16979
11858
17478
10566
932
23183
14865
9407
27870
14083
20567
30576
1034
25730
21020
18132
6302
15082
28007
5622
17598
2161
20313
15874
11905
1890
7736
31990
13952
15959
6059
8611
20555
2347
11046
21623
18599
17747
12498
21291
9879
13730
5828
21149
29583
3790
29663
22107
17513
1072
25998
5643
6528
26623
25361
8945
24818
16884
25457
18299
6875
3099
12040
25998
6256
8241
20346
30416
24578
13896
24388
9418
14258
20103
14957
19950
3731
5105
29539
21210
21232
11156
30669
13941
3746
22583
21797
21511
7143
9881
10915
1204
24395
25673
12678
59
19619
28785
27653
395
8131
5082
13244
14088
22389
31033
1780
2629
8524
18196
11873
6847
13591
32040
19644
19824
11228
10731
27080
16247
23785
18938
28727
25182
23878
4653
14709
12824
20309
24175
21741
4122
21071
17448
10768
1596
16760
18573
531
13391
7218
18325
26986
19386
25278
4326
5131
8732
21320
1962
14611
21311
754
273
18758
2914
23516
9897
1616
6040
4054
20466
19650
27900
16664
15593
10944
1338
2454
11510
31316
21236
19822
25513
13250
1842
11828
5692
10189
25916
30387
9544
6897
22749
19917
7564
4748
27755
9904
5823
3330
12193
25992
29493
13609
12781
19131
2391
15336
13860
11799
14194
27611
28543
4895
20112
8497
3875
20677
1803
16824
14493
9097
10766
23025
7016
764
14927
4412
32154
32191
10043
13378
20143
22842
30539
14340
31316
11263
2942
31409
30659
29284
21140
22723
6412
12011
27172
17942
12656
20443
23192
12309
6404
23276
32211
23514
19979
21341
13964
7466
25025
16761
7685
1621
9045
9094
29408
302
28728
25699
19902
5948
2397
27442
9092
31552
12636
19545
14798
16931
31702
26266
7886
5700
31583
20619
23070
23402
12614
12297
19575
3694
26768
28152
504
12403
17685
5916
7330
17987
19373
3517
12117
29304
26695
28973
17972
21248
6237
21810
26434
17561
32191
22113
15213
17069
15403
30180
28289
4907
25426
21806
29932
1066
15173
26756
24712
8479
7450
12119
3846
7901
31483
18752
13953
4510
836
9619
9335
19127
6938
13360
28116
27334
15713
15899
21902
25622
31704
26767
1067
2922
22348
15452
34
18578
12734
12777
10979
12529
25429
10271
8868
9784
19295
23986
9412
31065
4015
25064
12883
16790
9049
16307
13181
27260
15146
24330
28304
22420
1420
14053
12171
27284
19919
22048
15945
10494
27053
5163
2803
24106
20106
21006
16293
1261
20759
23188
7913
19617
23702
18689
8721
1958
2393
23240
3080
15649
2628
29259
16016
4697
28649
26046
15439
24389
1387
12212
28743
31468
28002
28176
28017
28402
28652
29513
7542
2365
11047
23475
19625
15136
26754
8248
29920
28748
22299
19161
29002
15777
29747
9140
20968
5422
8235
1746
10059
3949
3293
28536
28967
28614
5
7345
14436
935
11746
29157
28433
23537
22192
11104
454
28887
16788
29057
9572
4640
4275
3257
12017
2851
16181
697
15011
29667
24052
12960
29206
30207
6034
4842
22662
16119
31286
27484
6759
7642
5675
11391
28299
11647
18117
28767
23878
17901
28008
11048
2573
14015
201
23245
10826
30080
30345
19281
26452
1599
11207
13283
25008
23492
1262
1524
21721
4619
11301
12102
32650
23689
11729
4311
18992
22568
5526
2198
2222
20969
19634
26058
28873
1542
29916
24136
21115
94
20585
22769
22638
29359
17230
17354
30564
21555
2108
14971
17245
12475
31621
10307
30235
14422
23367
10283
9675
5321
32193
1025
22037
917
3569
24268
13766
21667
17862
13763
11800
22368
15020
7251
9731
21412
22392
3930
18076
3402
21457
11393
10158
24679
7217
30088
7212
27312
13847
14108
17449
24724
29550
18318
10140
2863
3064
31057
31544
32559
5568
23902
30285
27215
16711
25484
32182
30115
13202
28768
296
4642
2263
31294
6913
101
5484
2395
21245
26023
9200
5588
5136
21687
4326
19909
13361
7121
10723
25491
20906
13645
12859
27291
6369
32103
5647
22095
29504
27595
24772
14132
10700
24467
11628
29702
25494
4567
9883
21433
27471
22605
5874
17737
15629
6163
12431
8263
30994
4412
24384
21654
3392
2600
26679
22003
28931
24358
23198
14208
6283
29838
26774
18546
26804
24142
1129
3111
14677
30133
26531
22747
13268
28171
6800
4861
15051
30539
32273
28367
9390
30802
3373
124
18192
25135
16457
9202
24334
27565
14705
20217
4363
24036
2029
31275
796
11503
7527
5650
11261
17351
21314
2805
7777
24205
14885
2128
4324
1
1
1
1
1
1
1
1
1
1
1
1
1
1
1
1
1
1
1
1
1
1
1
1
1
1
1
1
1
1
1
1
1
1
1
1
1
1
1
1
1
1
1
1
1
1
1
1
1
1
1
1
1
1
1
1
1
1
1
1
1
1
1
1
1
1
1
1
1
1
1
1
1
1
1
1
1
1
1
1
1
1
1
1
1
1
1
1
1
1
1
1
1
1
1
1
1
1
1
1
1
1
1
1
1
1
1
1
1
1
1
1
1
1
1
1
1
1
1
1
1
1
1
1
1
1
1
1
1
1
1
1
1
1
1
1
1
1
1
1
1
1
1
1
1
1
1
1
1
1
1
1
1
1
1
1
1
1
1
1
1
1
1
1
1
1
1
1
1
1
1
1
1
1
1
1
1
1
1
1
1
1
1
1
1
1
1
1
1
1
1
1
1
1
1
1
1
1
1
1
1
1
1
1
1
1
1
1
1
1
1
1
1
1
1
1
1
1
1
1
1
1
1
1
1
1
1
1
1
1
1
1
1
1
1
1
1
1
1
1
1
1
1
1
1
1
1
1
1
1
1
1
1
1
1
1
1
1
1
1
1
1
1
1
1
1
1
1
1
1
1
1
1
1
1
1
1
1
1
1
1
1
1
1
1
1
1
1
1
1
1
1
1
1
1
1
1
1
1
1
1
1
1
1
1
1
1
1
1
1
1
1
1
1
1
1
1
1
1
1
1
1
1
1
1
1
1
1
1
1
1
1
1
1
1
1
1
1
1
1
1
1
1
1
1
1
1
1
1
1
1
1
1
1
1
1
1
1
1
1
1
1
1
1
1
1
1
1
1
1
1
1
1
1
1
1
1
1
1
1
1
1
1
1
1
1
1
1
1
1
1
1
1
1
1
1
1
1
1
1
1
1
1
1
1
1
1
1
1
1
1
1
1
1
1
1
1
1
1
1
1
1
1
1
1
1
1
1
1
1
1
1
1
1
1
1
1
1
1
1
1
1
1
1
1
1
1
1
1
1
1
1
1
1
1
1
1
1
1
1
1
1
1
1
1
1
1
1
1
1
1
1
1
1
1
1
1
1
1
1
1
1
1
1
1
1
1
1
1
1
1
1
1
1
1
1
1
1
1
1
1
1
1
1
1
1
1
1
1
1
1
1
1
1
1
1
1
1
1
1
1
1
1
1
1
1
1
1
1
1
1
1
1
1
1
1
1
1
1
1
1
1
1
1
1
1
1
1
1
1
1
1
1
1
1
1
1
1
1
1
1
1
1
1
1
1
1
1
1
1
1
1
1
1
1
1
1
1
1
1
1
1
1
1
1
1
1
1
1
1
1
1
1
1
1
1
1
1
1
1
1
1
1
1
1
1
1
1
1
1
1
1
1
1
1
1
1
1
1
1
1
1
1
1
1
1
1
1
1
1
1
1
1
1
1
1
1
1
1
1
1
1
1
1
1
1
1
1
1
1
1
1
1
1
1
1
1
1
1
1
1
1
1
1
1
1
1
1
1
1
1
1
1
1
1
1
1
1
1
1
1
1
1
1
1
1
1
1
1
1
1
1
1
1
1
1
1
1
1
1
1
1
1
1
1
1
1
1
1
1
1
1
1
1
1
1
1
1
1
1
1
1
1
1
1
1
1
1
1
1
1
1
1
1
1
1
1
1
1
1
1
1
1
1
1
1
1
1
1
1
1
1
1
1
1
1
1
1
1
1
1
1
1
1
1
1
1
1
1
1
1
1
1
1
1
1
1
1
1
1
1
1
1
1
1
1
1
1
1
1
1
1
1
1
1
1
1
1
1
1
1
1
1
1
1
1
1
1
1
1
1
1
1
1
1
1
1
1
1
1
1
1
1
1
1
1
1
1
1
1
1
1
1
1
1
1
1
1
1
1
1
1
1
1
1
1
1
1
1
1
1
1
1
1
1
1
1
1
1
1
1
1
1
1
1
1
1
1
1
1
1
1
1
1
1
1
1
1
1
1
1
1
1
1
1
1
1
1
1
1
1
1
1
1
1
1
1
1
1
1
1
1
1
1
1
1
1
1
1
1
1
1
1
1
1
1
1
1
1
1
1
1
1
1
1
1
1
1
1
1
1
1
32754
32754
32754
32754
32754
32754
32754
32754
32754
32754
32754
32754
32754
32754
32754
32754
32754
32754
32754
32754
32754
32754
32754
32754
32754
32754
32754
32754
32754
32754
32754
32754
32754
32754
32754
32754
32754
32754
32754
32754
32754
32754
32754
32754
32754
32754
32754
32754
32754
32754
32754
32754
32754
32754
32754
32754
32754
32754
32754
32754
32754
32754
32754
32754
32754
32754
32754
32754
32754
32754
32754
32754
32754
32754
32754
32754
32754
32754
32754
32754
32754
32754
32754
32754
32754
32754
32754
32754
32754
32754
32754
32754
32754
32754
32754
32754
32754
32754
32754
32754
32754
32754
32754
32754
32754
32754
32754
32754
32754
32754
32754
32754
32754
32754
32754
32754
32754
32754
32754
32754
32754
32754
32754
32754
32754
32754
32754
32754
32754
32754
32754
32754
32754
32754
32754
32754
32754
32754
32754
32754
32754
32754
32754
32754
32754
32754
32754
32754
32754
32754
32754
32754
32754
32754
32754
32754
32754
32754
32754
32754
32754
32754
32754
32754
32754
32754
32754
32754
32754
32754
32754
32754
32754
32754
32754
32754
32754
32754
32754
32754
32754
32754
32754
32754
32754
32754
32754
32754
32754
32754
32754
32754
32754
32754
32754
32754
32754
32754
32754
32754
32754
32754
32754
32754
32754
32754
32754
32754
32754
32754
32754
32754
32754
32754
32754
32754
32754
32754
32754
32754
32754
32754
32754
32754
32754
32754
32754
32754
32754
32754
32754
32754
32754
32754
32754
32754
32754
32754
32754
32754
32754
32754
32754
32754
32754
32754
32754
32754
32754
32754
32754
32754
32754
32754
32754
32754
32754
32754
32754
32754
32754
32754
32754
32754
32754
32754
32754
32754
32754
32754
32754
